{
 "cells": [
  {
   "cell_type": "code",
   "execution_count": 7,
   "metadata": {},
   "outputs": [],
   "source": [
    "a=[[1,3,2],[1,3,1]]\n",
    "import numpy as np\n",
    "np.set_printoptions(suppress=True)"
   ]
  },
  {
   "cell_type": "code",
   "execution_count": 8,
   "metadata": {},
   "outputs": [
    {
     "data": {
      "text/plain": [
       "array([[0.        , 0.03301244],\n",
       "       [0.03301244, 0.        ]])"
      ]
     },
     "execution_count": 8,
     "metadata": {},
     "output_type": "execute_result"
    }
   ],
   "source": [
    "from sklearn.metrics.pairwise import pairwise_distances\n",
    "pairwise_distances(a,metric=\"cosine\")\n"
   ]
  },
  {
   "cell_type": "code",
   "execution_count": 10,
   "metadata": {},
   "outputs": [
    {
     "data": {
      "text/html": [
       "<div>\n",
       "<style scoped>\n",
       "    .dataframe tbody tr th:only-of-type {\n",
       "        vertical-align: middle;\n",
       "    }\n",
       "\n",
       "    .dataframe tbody tr th {\n",
       "        vertical-align: top;\n",
       "    }\n",
       "\n",
       "    .dataframe thead th {\n",
       "        text-align: right;\n",
       "    }\n",
       "</style>\n",
       "<table border=\"1\" class=\"dataframe\">\n",
       "  <thead>\n",
       "    <tr style=\"text-align: right;\">\n",
       "      <th></th>\n",
       "      <th>Unnamed: 0</th>\n",
       "      <th>674</th>\n",
       "      <th>7244</th>\n",
       "      <th>7243</th>\n",
       "      <th>7284</th>\n",
       "      <th>7295</th>\n",
       "      <th>7332</th>\n",
       "      <th>7344</th>\n",
       "      <th>7343</th>\n",
       "      <th>7327</th>\n",
       "      <th>7334</th>\n",
       "      <th>7337</th>\n",
       "      <th>7325</th>\n",
       "      <th>7334.1</th>\n",
       "    </tr>\n",
       "  </thead>\n",
       "  <tbody>\n",
       "    <tr>\n",
       "      <th>0</th>\n",
       "      <td>0</td>\n",
       "      <td>0.133011</td>\n",
       "      <td>0.420532</td>\n",
       "      <td>0.458149</td>\n",
       "      <td>0.407571</td>\n",
       "      <td>0.381510</td>\n",
       "      <td>0.419427</td>\n",
       "      <td>0.406105</td>\n",
       "      <td>0.404925</td>\n",
       "      <td>0.398931</td>\n",
       "      <td>0.432211</td>\n",
       "      <td>0.428911</td>\n",
       "      <td>0.383943</td>\n",
       "      <td>0.389730</td>\n",
       "    </tr>\n",
       "    <tr>\n",
       "      <th>1</th>\n",
       "      <td>1</td>\n",
       "      <td>0.297202</td>\n",
       "      <td>0.248255</td>\n",
       "      <td>0.284708</td>\n",
       "      <td>0.297389</td>\n",
       "      <td>0.187096</td>\n",
       "      <td>0.221055</td>\n",
       "      <td>0.201095</td>\n",
       "      <td>0.111639</td>\n",
       "      <td>0.234479</td>\n",
       "      <td>0.112949</td>\n",
       "      <td>0.115174</td>\n",
       "      <td>0.201706</td>\n",
       "      <td>0.207732</td>\n",
       "    </tr>\n",
       "    <tr>\n",
       "      <th>2</th>\n",
       "      <td>2</td>\n",
       "      <td>0.141294</td>\n",
       "      <td>0.083087</td>\n",
       "      <td>0.091579</td>\n",
       "      <td>0.168021</td>\n",
       "      <td>0.142747</td>\n",
       "      <td>0.133740</td>\n",
       "      <td>0.177917</td>\n",
       "      <td>0.153299</td>\n",
       "      <td>0.118808</td>\n",
       "      <td>0.104790</td>\n",
       "      <td>0.104564</td>\n",
       "      <td>0.187928</td>\n",
       "      <td>0.143003</td>\n",
       "    </tr>\n",
       "    <tr>\n",
       "      <th>3</th>\n",
       "      <td>3</td>\n",
       "      <td>0.089654</td>\n",
       "      <td>0.064299</td>\n",
       "      <td>0.077970</td>\n",
       "      <td>0.049027</td>\n",
       "      <td>0.058741</td>\n",
       "      <td>0.037177</td>\n",
       "      <td>0.031300</td>\n",
       "      <td>0.047583</td>\n",
       "      <td>0.047827</td>\n",
       "      <td>0.044043</td>\n",
       "      <td>0.046115</td>\n",
       "      <td>0.044303</td>\n",
       "      <td>0.042080</td>\n",
       "    </tr>\n",
       "    <tr>\n",
       "      <th>4</th>\n",
       "      <td>4</td>\n",
       "      <td>0.088240</td>\n",
       "      <td>0.016005</td>\n",
       "      <td>0.014725</td>\n",
       "      <td>0.017827</td>\n",
       "      <td>0.013326</td>\n",
       "      <td>0.017250</td>\n",
       "      <td>0.022598</td>\n",
       "      <td>0.020337</td>\n",
       "      <td>0.017510</td>\n",
       "      <td>0.019636</td>\n",
       "      <td>0.019284</td>\n",
       "      <td>0.021421</td>\n",
       "      <td>0.022961</td>\n",
       "    </tr>\n",
       "    <tr>\n",
       "      <th>...</th>\n",
       "      <td>...</td>\n",
       "      <td>...</td>\n",
       "      <td>...</td>\n",
       "      <td>...</td>\n",
       "      <td>...</td>\n",
       "      <td>...</td>\n",
       "      <td>...</td>\n",
       "      <td>...</td>\n",
       "      <td>...</td>\n",
       "      <td>...</td>\n",
       "      <td>...</td>\n",
       "      <td>...</td>\n",
       "      <td>...</td>\n",
       "      <td>...</td>\n",
       "    </tr>\n",
       "    <tr>\n",
       "      <th>49995</th>\n",
       "      <td>49995</td>\n",
       "      <td>0.303484</td>\n",
       "      <td>0.137372</td>\n",
       "      <td>0.183408</td>\n",
       "      <td>0.181057</td>\n",
       "      <td>0.159375</td>\n",
       "      <td>0.178158</td>\n",
       "      <td>0.151979</td>\n",
       "      <td>0.096088</td>\n",
       "      <td>0.203573</td>\n",
       "      <td>0.107989</td>\n",
       "      <td>0.112155</td>\n",
       "      <td>0.185536</td>\n",
       "      <td>0.164648</td>\n",
       "    </tr>\n",
       "    <tr>\n",
       "      <th>49996</th>\n",
       "      <td>49996</td>\n",
       "      <td>0.205561</td>\n",
       "      <td>0.222158</td>\n",
       "      <td>0.254015</td>\n",
       "      <td>0.278637</td>\n",
       "      <td>0.278074</td>\n",
       "      <td>0.256568</td>\n",
       "      <td>0.266961</td>\n",
       "      <td>0.272666</td>\n",
       "      <td>0.258720</td>\n",
       "      <td>0.251543</td>\n",
       "      <td>0.252962</td>\n",
       "      <td>0.270265</td>\n",
       "      <td>0.272656</td>\n",
       "    </tr>\n",
       "    <tr>\n",
       "      <th>49997</th>\n",
       "      <td>49997</td>\n",
       "      <td>0.227791</td>\n",
       "      <td>0.415941</td>\n",
       "      <td>0.424514</td>\n",
       "      <td>0.381888</td>\n",
       "      <td>0.366517</td>\n",
       "      <td>0.437738</td>\n",
       "      <td>0.407014</td>\n",
       "      <td>0.375904</td>\n",
       "      <td>0.487846</td>\n",
       "      <td>0.473076</td>\n",
       "      <td>0.410454</td>\n",
       "      <td>0.421526</td>\n",
       "      <td>0.476306</td>\n",
       "    </tr>\n",
       "    <tr>\n",
       "      <th>49998</th>\n",
       "      <td>49998</td>\n",
       "      <td>0.092034</td>\n",
       "      <td>0.045381</td>\n",
       "      <td>0.058106</td>\n",
       "      <td>0.060874</td>\n",
       "      <td>0.050255</td>\n",
       "      <td>0.033111</td>\n",
       "      <td>0.012558</td>\n",
       "      <td>0.031284</td>\n",
       "      <td>0.032520</td>\n",
       "      <td>0.033070</td>\n",
       "      <td>0.030295</td>\n",
       "      <td>0.053062</td>\n",
       "      <td>0.024746</td>\n",
       "    </tr>\n",
       "    <tr>\n",
       "      <th>49999</th>\n",
       "      <td>49999</td>\n",
       "      <td>0.149292</td>\n",
       "      <td>0.114270</td>\n",
       "      <td>0.160239</td>\n",
       "      <td>0.197147</td>\n",
       "      <td>0.190309</td>\n",
       "      <td>0.187132</td>\n",
       "      <td>0.180970</td>\n",
       "      <td>0.178385</td>\n",
       "      <td>0.201849</td>\n",
       "      <td>0.187502</td>\n",
       "      <td>0.180632</td>\n",
       "      <td>0.195892</td>\n",
       "      <td>0.182463</td>\n",
       "    </tr>\n",
       "  </tbody>\n",
       "</table>\n",
       "<p>50000 rows × 14 columns</p>\n",
       "</div>"
      ],
      "text/plain": [
       "       Unnamed: 0       674      7244      7243      7284      7295      7332  \\\n",
       "0               0  0.133011  0.420532  0.458149  0.407571  0.381510  0.419427   \n",
       "1               1  0.297202  0.248255  0.284708  0.297389  0.187096  0.221055   \n",
       "2               2  0.141294  0.083087  0.091579  0.168021  0.142747  0.133740   \n",
       "3               3  0.089654  0.064299  0.077970  0.049027  0.058741  0.037177   \n",
       "4               4  0.088240  0.016005  0.014725  0.017827  0.013326  0.017250   \n",
       "...           ...       ...       ...       ...       ...       ...       ...   \n",
       "49995       49995  0.303484  0.137372  0.183408  0.181057  0.159375  0.178158   \n",
       "49996       49996  0.205561  0.222158  0.254015  0.278637  0.278074  0.256568   \n",
       "49997       49997  0.227791  0.415941  0.424514  0.381888  0.366517  0.437738   \n",
       "49998       49998  0.092034  0.045381  0.058106  0.060874  0.050255  0.033111   \n",
       "49999       49999  0.149292  0.114270  0.160239  0.197147  0.190309  0.187132   \n",
       "\n",
       "           7344      7343      7327      7334      7337      7325    7334.1  \n",
       "0      0.406105  0.404925  0.398931  0.432211  0.428911  0.383943  0.389730  \n",
       "1      0.201095  0.111639  0.234479  0.112949  0.115174  0.201706  0.207732  \n",
       "2      0.177917  0.153299  0.118808  0.104790  0.104564  0.187928  0.143003  \n",
       "3      0.031300  0.047583  0.047827  0.044043  0.046115  0.044303  0.042080  \n",
       "4      0.022598  0.020337  0.017510  0.019636  0.019284  0.021421  0.022961  \n",
       "...         ...       ...       ...       ...       ...       ...       ...  \n",
       "49995  0.151979  0.096088  0.203573  0.107989  0.112155  0.185536  0.164648  \n",
       "49996  0.266961  0.272666  0.258720  0.251543  0.252962  0.270265  0.272656  \n",
       "49997  0.407014  0.375904  0.487846  0.473076  0.410454  0.421526  0.476306  \n",
       "49998  0.012558  0.031284  0.032520  0.033070  0.030295  0.053062  0.024746  \n",
       "49999  0.180970  0.178385  0.201849  0.187502  0.180632  0.195892  0.182463  \n",
       "\n",
       "[50000 rows x 14 columns]"
      ]
     },
     "execution_count": 10,
     "metadata": {},
     "output_type": "execute_result"
    }
   ],
   "source": [
    "import pandas as pd\n",
    "v=pd.read_csv('/data/fuwen/bj/ctr/data/wj/deepfm_result/all_result.csv')\n",
    "v"
   ]
  },
  {
   "cell_type": "code",
   "execution_count": 13,
   "metadata": {},
   "outputs": [
    {
     "data": {
      "text/plain": [
       "Index(['Unnamed: 0', '674', '7244', '7243', '7284', '7295', '7332', '7344',\n",
       "       '7343', '7327', '7334', '7337', '7325', '7334.1'],\n",
       "      dtype='object')"
      ]
     },
     "execution_count": 13,
     "metadata": {},
     "output_type": "execute_result"
    }
   ],
   "source": [
    "v.columns"
   ]
  },
  {
   "cell_type": "code",
   "execution_count": 14,
   "metadata": {},
   "outputs": [
    {
     "data": {
      "text/html": [
       "<div>\n",
       "<style scoped>\n",
       "    .dataframe tbody tr th:only-of-type {\n",
       "        vertical-align: middle;\n",
       "    }\n",
       "\n",
       "    .dataframe tbody tr th {\n",
       "        vertical-align: top;\n",
       "    }\n",
       "\n",
       "    .dataframe thead th {\n",
       "        text-align: right;\n",
       "    }\n",
       "</style>\n",
       "<table border=\"1\" class=\"dataframe\">\n",
       "  <thead>\n",
       "    <tr style=\"text-align: right;\">\n",
       "      <th></th>\n",
       "      <th>674</th>\n",
       "      <th>7244</th>\n",
       "      <th>7243</th>\n",
       "      <th>7284</th>\n",
       "      <th>7295</th>\n",
       "      <th>7332</th>\n",
       "      <th>7344</th>\n",
       "      <th>7343</th>\n",
       "      <th>7327</th>\n",
       "      <th>7334</th>\n",
       "      <th>7337</th>\n",
       "      <th>7325</th>\n",
       "      <th>7334.1</th>\n",
       "    </tr>\n",
       "  </thead>\n",
       "  <tbody>\n",
       "    <tr>\n",
       "      <th>0</th>\n",
       "      <td>0.133011</td>\n",
       "      <td>0.420532</td>\n",
       "      <td>0.458149</td>\n",
       "      <td>0.407571</td>\n",
       "      <td>0.381510</td>\n",
       "      <td>0.419427</td>\n",
       "      <td>0.406105</td>\n",
       "      <td>0.404925</td>\n",
       "      <td>0.398931</td>\n",
       "      <td>0.432211</td>\n",
       "      <td>0.428911</td>\n",
       "      <td>0.383943</td>\n",
       "      <td>0.389730</td>\n",
       "    </tr>\n",
       "    <tr>\n",
       "      <th>1</th>\n",
       "      <td>0.297202</td>\n",
       "      <td>0.248255</td>\n",
       "      <td>0.284708</td>\n",
       "      <td>0.297389</td>\n",
       "      <td>0.187096</td>\n",
       "      <td>0.221055</td>\n",
       "      <td>0.201095</td>\n",
       "      <td>0.111639</td>\n",
       "      <td>0.234479</td>\n",
       "      <td>0.112949</td>\n",
       "      <td>0.115174</td>\n",
       "      <td>0.201706</td>\n",
       "      <td>0.207732</td>\n",
       "    </tr>\n",
       "    <tr>\n",
       "      <th>2</th>\n",
       "      <td>0.141294</td>\n",
       "      <td>0.083087</td>\n",
       "      <td>0.091579</td>\n",
       "      <td>0.168021</td>\n",
       "      <td>0.142747</td>\n",
       "      <td>0.133740</td>\n",
       "      <td>0.177917</td>\n",
       "      <td>0.153299</td>\n",
       "      <td>0.118808</td>\n",
       "      <td>0.104790</td>\n",
       "      <td>0.104564</td>\n",
       "      <td>0.187928</td>\n",
       "      <td>0.143003</td>\n",
       "    </tr>\n",
       "    <tr>\n",
       "      <th>3</th>\n",
       "      <td>0.089654</td>\n",
       "      <td>0.064299</td>\n",
       "      <td>0.077970</td>\n",
       "      <td>0.049027</td>\n",
       "      <td>0.058741</td>\n",
       "      <td>0.037177</td>\n",
       "      <td>0.031300</td>\n",
       "      <td>0.047583</td>\n",
       "      <td>0.047827</td>\n",
       "      <td>0.044043</td>\n",
       "      <td>0.046115</td>\n",
       "      <td>0.044303</td>\n",
       "      <td>0.042080</td>\n",
       "    </tr>\n",
       "    <tr>\n",
       "      <th>4</th>\n",
       "      <td>0.088240</td>\n",
       "      <td>0.016005</td>\n",
       "      <td>0.014725</td>\n",
       "      <td>0.017827</td>\n",
       "      <td>0.013326</td>\n",
       "      <td>0.017250</td>\n",
       "      <td>0.022598</td>\n",
       "      <td>0.020337</td>\n",
       "      <td>0.017510</td>\n",
       "      <td>0.019636</td>\n",
       "      <td>0.019284</td>\n",
       "      <td>0.021421</td>\n",
       "      <td>0.022961</td>\n",
       "    </tr>\n",
       "    <tr>\n",
       "      <th>...</th>\n",
       "      <td>...</td>\n",
       "      <td>...</td>\n",
       "      <td>...</td>\n",
       "      <td>...</td>\n",
       "      <td>...</td>\n",
       "      <td>...</td>\n",
       "      <td>...</td>\n",
       "      <td>...</td>\n",
       "      <td>...</td>\n",
       "      <td>...</td>\n",
       "      <td>...</td>\n",
       "      <td>...</td>\n",
       "      <td>...</td>\n",
       "    </tr>\n",
       "    <tr>\n",
       "      <th>49995</th>\n",
       "      <td>0.303484</td>\n",
       "      <td>0.137372</td>\n",
       "      <td>0.183408</td>\n",
       "      <td>0.181057</td>\n",
       "      <td>0.159375</td>\n",
       "      <td>0.178158</td>\n",
       "      <td>0.151979</td>\n",
       "      <td>0.096088</td>\n",
       "      <td>0.203573</td>\n",
       "      <td>0.107989</td>\n",
       "      <td>0.112155</td>\n",
       "      <td>0.185536</td>\n",
       "      <td>0.164648</td>\n",
       "    </tr>\n",
       "    <tr>\n",
       "      <th>49996</th>\n",
       "      <td>0.205561</td>\n",
       "      <td>0.222158</td>\n",
       "      <td>0.254015</td>\n",
       "      <td>0.278637</td>\n",
       "      <td>0.278074</td>\n",
       "      <td>0.256568</td>\n",
       "      <td>0.266961</td>\n",
       "      <td>0.272666</td>\n",
       "      <td>0.258720</td>\n",
       "      <td>0.251543</td>\n",
       "      <td>0.252962</td>\n",
       "      <td>0.270265</td>\n",
       "      <td>0.272656</td>\n",
       "    </tr>\n",
       "    <tr>\n",
       "      <th>49997</th>\n",
       "      <td>0.227791</td>\n",
       "      <td>0.415941</td>\n",
       "      <td>0.424514</td>\n",
       "      <td>0.381888</td>\n",
       "      <td>0.366517</td>\n",
       "      <td>0.437738</td>\n",
       "      <td>0.407014</td>\n",
       "      <td>0.375904</td>\n",
       "      <td>0.487846</td>\n",
       "      <td>0.473076</td>\n",
       "      <td>0.410454</td>\n",
       "      <td>0.421526</td>\n",
       "      <td>0.476306</td>\n",
       "    </tr>\n",
       "    <tr>\n",
       "      <th>49998</th>\n",
       "      <td>0.092034</td>\n",
       "      <td>0.045381</td>\n",
       "      <td>0.058106</td>\n",
       "      <td>0.060874</td>\n",
       "      <td>0.050255</td>\n",
       "      <td>0.033111</td>\n",
       "      <td>0.012558</td>\n",
       "      <td>0.031284</td>\n",
       "      <td>0.032520</td>\n",
       "      <td>0.033070</td>\n",
       "      <td>0.030295</td>\n",
       "      <td>0.053062</td>\n",
       "      <td>0.024746</td>\n",
       "    </tr>\n",
       "    <tr>\n",
       "      <th>49999</th>\n",
       "      <td>0.149292</td>\n",
       "      <td>0.114270</td>\n",
       "      <td>0.160239</td>\n",
       "      <td>0.197147</td>\n",
       "      <td>0.190309</td>\n",
       "      <td>0.187132</td>\n",
       "      <td>0.180970</td>\n",
       "      <td>0.178385</td>\n",
       "      <td>0.201849</td>\n",
       "      <td>0.187502</td>\n",
       "      <td>0.180632</td>\n",
       "      <td>0.195892</td>\n",
       "      <td>0.182463</td>\n",
       "    </tr>\n",
       "  </tbody>\n",
       "</table>\n",
       "<p>50000 rows × 13 columns</p>\n",
       "</div>"
      ],
      "text/plain": [
       "            674      7244      7243      7284      7295      7332      7344  \\\n",
       "0      0.133011  0.420532  0.458149  0.407571  0.381510  0.419427  0.406105   \n",
       "1      0.297202  0.248255  0.284708  0.297389  0.187096  0.221055  0.201095   \n",
       "2      0.141294  0.083087  0.091579  0.168021  0.142747  0.133740  0.177917   \n",
       "3      0.089654  0.064299  0.077970  0.049027  0.058741  0.037177  0.031300   \n",
       "4      0.088240  0.016005  0.014725  0.017827  0.013326  0.017250  0.022598   \n",
       "...         ...       ...       ...       ...       ...       ...       ...   \n",
       "49995  0.303484  0.137372  0.183408  0.181057  0.159375  0.178158  0.151979   \n",
       "49996  0.205561  0.222158  0.254015  0.278637  0.278074  0.256568  0.266961   \n",
       "49997  0.227791  0.415941  0.424514  0.381888  0.366517  0.437738  0.407014   \n",
       "49998  0.092034  0.045381  0.058106  0.060874  0.050255  0.033111  0.012558   \n",
       "49999  0.149292  0.114270  0.160239  0.197147  0.190309  0.187132  0.180970   \n",
       "\n",
       "           7343      7327      7334      7337      7325    7334.1  \n",
       "0      0.404925  0.398931  0.432211  0.428911  0.383943  0.389730  \n",
       "1      0.111639  0.234479  0.112949  0.115174  0.201706  0.207732  \n",
       "2      0.153299  0.118808  0.104790  0.104564  0.187928  0.143003  \n",
       "3      0.047583  0.047827  0.044043  0.046115  0.044303  0.042080  \n",
       "4      0.020337  0.017510  0.019636  0.019284  0.021421  0.022961  \n",
       "...         ...       ...       ...       ...       ...       ...  \n",
       "49995  0.096088  0.203573  0.107989  0.112155  0.185536  0.164648  \n",
       "49996  0.272666  0.258720  0.251543  0.252962  0.270265  0.272656  \n",
       "49997  0.375904  0.487846  0.473076  0.410454  0.421526  0.476306  \n",
       "49998  0.031284  0.032520  0.033070  0.030295  0.053062  0.024746  \n",
       "49999  0.178385  0.201849  0.187502  0.180632  0.195892  0.182463  \n",
       "\n",
       "[50000 rows x 13 columns]"
      ]
     },
     "execution_count": 14,
     "metadata": {},
     "output_type": "execute_result"
    }
   ],
   "source": [
    "del v['Unnamed: 0']\n",
    "v"
   ]
  },
  {
   "cell_type": "code",
   "execution_count": 15,
   "metadata": {},
   "outputs": [],
   "source": [
    "a=[]\n",
    "for i in v.columns:\n",
    "    a.append(v[i].tolist())"
   ]
  },
  {
   "cell_type": "code",
   "execution_count": 18,
   "metadata": {},
   "outputs": [
    {
     "name": "stdout",
     "output_type": "stream",
     "text": [
      "[[0.         0.13088979 0.13904292 0.10928221 0.11386293 0.11820277\n",
      "  0.11539044 0.11773083 0.1137555  0.1214619  0.12296225 0.1132526\n",
      "  0.1142005 ]\n",
      " [0.13088979 0.         0.00837476 0.03492702 0.05111056 0.04709329\n",
      "  0.05305986 0.05270421 0.04649933 0.05160764 0.04980534 0.04576836\n",
      "  0.04655528]\n",
      " [0.13904292 0.00837476 0.         0.04123418 0.05585047 0.05059497\n",
      "  0.06080561 0.05963808 0.04998534 0.05783379 0.05409739 0.05179413\n",
      "  0.05050506]\n",
      " [0.10928221 0.03492702 0.04123418 0.         0.02605268 0.03087766\n",
      "  0.03238459 0.0337941  0.03111172 0.03407052 0.03459834 0.02126121\n",
      "  0.0315502 ]\n",
      " [0.11386293 0.05111056 0.05585047 0.02605268 0.         0.01893519\n",
      "  0.02941925 0.02973773 0.0215166  0.02891457 0.02701937 0.01167037\n",
      "  0.02237686]\n",
      " [0.11820277 0.04709329 0.05059497 0.03087766 0.01893519 0.\n",
      "  0.01409121 0.01289241 0.00705483 0.01006011 0.00676331 0.01390583\n",
      "  0.00844819]\n",
      " [0.11539044 0.05305986 0.06080561 0.03238459 0.02941925 0.01409121\n",
      "  0.         0.00681545 0.01641189 0.01078641 0.01300001 0.01746663\n",
      "  0.01627271]\n",
      " [0.11773083 0.05270421 0.05963808 0.0337941  0.02973773 0.01289241\n",
      "  0.00681545 0.         0.01521797 0.00669322 0.00968201 0.01827604\n",
      "  0.01444313]\n",
      " [0.1137555  0.04649933 0.04998534 0.03111172 0.0215166  0.00705483\n",
      "  0.01641189 0.01521797 0.         0.010175   0.01232736 0.01261163\n",
      "  0.00384015]\n",
      " [0.1214619  0.05160764 0.05783379 0.03407052 0.02891457 0.01006011\n",
      "  0.01078641 0.00669322 0.010175   0.         0.00654018 0.01738711\n",
      "  0.00965831]\n",
      " [0.12296225 0.04980534 0.05409739 0.03459834 0.02701937 0.00676331\n",
      "  0.01300001 0.00968201 0.01232736 0.00654018 0.         0.01867093\n",
      "  0.01260942]\n",
      " [0.1132526  0.04576836 0.05179413 0.02126121 0.01167037 0.01390583\n",
      "  0.01746663 0.01827604 0.01261163 0.01738711 0.01867093 0.\n",
      "  0.01261647]\n",
      " [0.1142005  0.04655528 0.05050506 0.0315502  0.02237686 0.00844819\n",
      "  0.01627271 0.01444313 0.00384015 0.00965831 0.01260942 0.01261647\n",
      "  0.        ]]\n"
     ]
    }
   ],
   "source": [
    "pairwise_distances(a,metric=\"cosine\")"
   ]
  },
  {
   "cell_type": "code",
   "execution_count": null,
   "metadata": {},
   "outputs": [],
   "source": []
  }
 ],
 "metadata": {
  "kernelspec": {
   "display_name": "bs0",
   "language": "python",
   "name": "bs0"
  },
  "language_info": {
   "codemirror_mode": {
    "name": "ipython",
    "version": 3
   },
   "file_extension": ".py",
   "mimetype": "text/x-python",
   "name": "python",
   "nbconvert_exporter": "python",
   "pygments_lexer": "ipython3",
   "version": "3.7.11"
  }
 },
 "nbformat": 4,
 "nbformat_minor": 2
}
